33 36 41 				#nlat nlon nz
35.3 99.7 				# lat0 lon0
0.3 0.3  				# dlat dlon
0 2 4 6 8 10 12 14 16 18 20 22 24 26 28 30 32 34 36 38 40 42 44 46 48 50 52 54 56 58 60 62 64 66 68 70 72 74 76 78 80 
2.5 2.5 2.5 2.5 2.5 2.5 2.5 2.5 2.5 2.5 2.5 2.5 2.5 2.5 2.5 2.5 2.5 2.5 2.5 2.5 2.5 2.5 2.5 2.5 2.5 2.5 2.5 2.5 2.5 2.5 2.5 2.5 2.5 
2.5 2.5 2.5 2.5 2.5 2.5 2.5 2.5 2.5 2.5 2.5 2.5 2.5 2.5 2.5 2.5 2.5 2.5 2.5 2.5 2.5 2.5 2.5 2.5 2.5 2.5 2.5 2.5 2.5 2.5 2.5 2.5 2.5 
2.5 2.5 2.5 2.5 2.5 2.5 2.5 2.5 2.5 2.5 2.5 2.5 2.5 2.5 2.5 2.5 2.5 2.5 2.5 2.5 2.5 2.5 2.5 2.5 2.5 2.5 2.5 2.5 2.5 2.5 2.5 2.5 2.5 
2.5 2.5 2.5 2.5 2.5 2.5 2.5 2.5 2.5 2.5 2.5 2.5 2.5 2.5 2.5 2.5 2.5 2.5 2.5 2.5 2.5 2.5 2.5 2.5 2.5 2.5 2.5 2.5 2.5 2.5 2.5 2.5 2.5 
2.5 2.5 2.5 2.5 2.5 2.5 2.5 2.5 2.5 2.5 2.5 2.5 2.5 2.5 2.5 2.5 2.5 2.5 2.5 2.5 2.5 2.5 2.5 2.5 2.5 2.5 2.5 2.5 2.5 2.5 2.5 2.5 2.5 
2.5 2.5 2.5 2.5 2.5 2.5 2.5 2.5 2.5 2.5 2.5 2.5 2.5 2.5 2.5 2.5 2.5 2.5 2.5 2.5 2.5 2.5 2.5 2.5 2.5 2.5 2.5 2.5 2.5 2.5 2.5 2.5 2.5 
2.5 2.5 2.5 2.5 2.5 2.5 2.5 2.5 2.5 2.5 2.5 2.5 2.5 2.5 2.5 2.5 2.5 2.5 2.5 2.5 2.5 2.5 2.5 2.5 2.5 2.5 2.5 2.5 2.5 2.5 2.5 2.5 2.5 
2.5 2.5 2.5 2.5 2.5 2.5 2.5 2.5 2.5 2.5 2.5 2.5 2.5 2.5 2.5 2.5 2.5 2.5 2.5 2.5 2.5 2.5 2.5 2.5 2.5 2.5 2.5 2.5 2.5 2.5 2.5 2.5 2.5 
2.5 2.5 2.5 2.5 2.5 2.5 2.5 2.5 2.5 2.5 2.5 2.5 2.5 2.5 2.5 2.5 2.5 2.5 2.5 2.5 2.5 2.5 2.5 2.5 2.5 2.5 2.5 2.5 2.5 2.5 2.5 2.5 2.5 
2.5 2.5 2.5 2.5 2.5 2.5 2.5 2.5 2.5 2.5 2.5 2.5 2.5 2.5 2.5 2.5 2.5 2.5 2.5 2.5 2.5 2.5 2.5 2.5 2.5 2.5 2.5 2.5 2.5 2.5 2.5 2.5 2.5 
2.5 2.5 2.5 2.5 2.5 2.5 2.5 2.5 2.5 2.5 2.5 2.5 2.5 2.5 2.5 2.5 2.5 2.5 2.5 2.5 2.5 2.5 2.5 2.5 2.5 2.5 2.5 2.5 2.5 2.5 2.5 2.5 2.5 
2.5 2.5 2.5 2.5 2.5 2.5 2.5 2.5 2.5 2.5 2.5 2.5 2.5 2.5 2.5 2.5 2.5 2.5 2.5 2.5 2.5 2.5 2.5 2.5 2.5 2.5 2.5 2.5 2.5 2.5 2.5 2.5 2.5 
2.5 2.5 2.5 2.5 2.5 2.5 2.5 2.5 2.5 2.5 2.5 2.5 2.5 2.5 2.5 2.5 2.5 2.5 2.5 2.5 2.5 2.5 2.5 2.5 2.5 2.5 2.5 2.5 2.5 2.5 2.5 2.5 2.5 
2.5 2.5 2.5 2.5 2.5 2.5 2.5 2.5 2.5 2.5 2.5 2.5 2.5 2.5 2.5 2.5 2.5 2.5 2.5 2.5 2.5 2.5 2.5 2.5 2.5 2.5 2.5 2.5 2.5 2.5 2.5 2.5 2.5 
2.5 2.5 2.5 2.5 2.5 2.5 2.5 2.5 2.5 2.5 2.5 2.5 2.5 2.5 2.5 2.5 2.5 2.5 2.5 2.5 2.5 2.5 2.5 2.5 2.5 2.5 2.5 2.5 2.5 2.5 2.5 2.5 2.5 
2.5 2.5 2.5 2.5 2.5 2.5 2.5 2.5 2.5 2.5 2.5 2.5 2.5 2.5 2.5 2.5 2.5 2.5 2.5 2.5 2.5 2.5 2.5 2.5 2.5 2.5 2.5 2.5 2.5 2.5 2.5 2.5 2.5 
2.5 2.5 2.5 2.5 2.5 2.5 2.5 2.5 2.5 2.5 2.5 2.5 2.5 2.5 2.5 2.5 2.5 2.5 2.5 2.5 2.5 2.5 2.5 2.5 2.5 2.5 2.5 2.5 2.5 2.5 2.5 2.5 2.5 
2.5 2.5 2.5 2.5 2.5 2.5 2.5 2.5 2.5 2.5 2.5 2.5 2.5 2.5 2.5 2.5 2.5 2.5 2.5 2.5 2.5 2.5 2.5 2.5 2.5 2.5 2.5 2.5 2.5 2.5 2.5 2.5 2.5 
2.5 2.5 2.5 2.5 2.5 2.5 2.5 2.5 2.5 2.5 2.5 2.5 2.5 2.5 2.5 2.5 2.5 2.5 2.5 2.5 2.5 2.5 2.5 2.5 2.5 2.5 2.5 2.5 2.5 2.5 2.5 2.5 2.5 
2.5 2.5 2.5 2.5 2.5 2.5 2.5 2.5 2.5 2.5 2.5 2.5 2.5 2.5 2.5 2.5 2.5 2.5 2.5 2.5 2.5 2.5 2.5 2.5 2.5 2.5 2.5 2.5 2.5 2.5 2.5 2.5 2.5 
2.5 2.5 2.5 2.5 2.5 2.5 2.5 2.5 2.5 2.5 2.5 2.5 2.5 2.5 2.5 2.5 2.5 2.5 2.5 2.5 2.5 2.5 2.5 2.5 2.5 2.5 2.5 2.5 2.5 2.5 2.5 2.5 2.5 
2.5 2.5 2.5 2.5 2.5 2.5 2.5 2.5 2.5 2.5 2.5 2.5 2.5 2.5 2.5 2.5 2.5 2.5 2.5 2.5 2.5 2.5 2.5 2.5 2.5 2.5 2.5 2.5 2.5 2.5 2.5 2.5 2.5 
2.5 2.5 2.5 2.5 2.5 2.5 2.5 2.5 2.5 2.5 2.5 2.5 2.5 2.5 2.5 2.5 2.5 2.5 2.5 2.5 2.5 2.5 2.5 2.5 2.5 2.5 2.5 2.5 2.5 2.5 2.5 2.5 2.5 
2.5 2.5 2.5 2.5 2.5 2.5 2.5 2.5 2.5 2.5 2.5 2.5 2.5 2.5 2.5 2.5 2.5 2.5 2.5 2.5 2.5 2.5 2.5 2.5 2.5 2.5 2.5 2.5 2.5 2.5 2.5 2.5 2.5 
2.5 2.5 2.5 2.5 2.5 2.5 2.5 2.5 2.5 2.5 2.5 2.5 2.5 2.5 2.5 2.5 2.5 2.5 2.5 2.5 2.5 2.5 2.5 2.5 2.5 2.5 2.5 2.5 2.5 2.5 2.5 2.5 2.5 
2.5 2.5 2.5 2.5 2.5 2.5 2.5 2.5 2.5 2.5 2.5 2.5 2.5 2.5 2.5 2.5 2.5 2.5 2.5 2.5 2.5 2.5 2.5 2.5 2.5 2.5 2.5 2.5 2.5 2.5 2.5 2.5 2.5 
2.5 2.5 2.5 2.5 2.5 2.5 2.5 2.5 2.5 2.5 2.5 2.5 2.5 2.5 2.5 2.5 2.5 2.5 2.5 2.5 2.5 2.5 2.5 2.5 2.5 2.5 2.5 2.5 2.5 2.5 2.5 2.5 2.5 
2.5 2.5 2.5 2.5 2.5 2.5 2.5 2.5 2.5 2.5 2.5 2.5 2.5 2.5 2.5 2.5 2.5 2.5 2.5 2.5 2.5 2.5 2.5 2.5 2.5 2.5 2.5 2.5 2.5 2.5 2.5 2.5 2.5 
2.5 2.5 2.5 2.5 2.5 2.5 2.5 2.5 2.5 2.5 2.5 2.5 2.5 2.5 2.5 2.5 2.5 2.5 2.5 2.5 2.5 2.5 2.5 2.5 2.5 2.5 2.5 2.5 2.5 2.5 2.5 2.5 2.5 
2.5 2.5 2.5 2.5 2.5 2.5 2.5 2.5 2.5 2.5 2.5 2.5 2.5 2.5 2.5 2.5 2.5 2.5 2.5 2.5 2.5 2.5 2.5 2.5 2.5 2.5 2.5 2.5 2.5 2.5 2.5 2.5 2.5 
2.5 2.5 2.5 2.5 2.5 2.5 2.5 2.5 2.5 2.5 2.5 2.5 2.5 2.5 2.5 2.5 2.5 2.5 2.5 2.5 2.5 2.5 2.5 2.5 2.5 2.5 2.5 2.5 2.5 2.5 2.5 2.5 2.5 
2.5 2.5 2.5 2.5 2.5 2.5 2.5 2.5 2.5 2.5 2.5 2.5 2.5 2.5 2.5 2.5 2.5 2.5 2.5 2.5 2.5 2.5 2.5 2.5 2.5 2.5 2.5 2.5 2.5 2.5 2.5 2.5 2.5 
2.5 2.5 2.5 2.5 2.5 2.5 2.5 2.5 2.5 2.5 2.5 2.5 2.5 2.5 2.5 2.5 2.5 2.5 2.5 2.5 2.5 2.5 2.5 2.5 2.5 2.5 2.5 2.5 2.5 2.5 2.5 2.5 2.5 
2.5 2.5 2.5 2.5 2.5 2.5 2.5 2.5 2.5 2.5 2.5 2.5 2.5 2.5 2.5 2.5 2.5 2.5 2.5 2.5 2.5 2.5 2.5 2.5 2.5 2.5 2.5 2.5 2.5 2.5 2.5 2.5 2.5 
2.5 2.5 2.5 2.5 2.5 2.5 2.5 2.5 2.5 2.5 2.5 2.5 2.5 2.5 2.5 2.5 2.5 2.5 2.5 2.5 2.5 2.5 2.5 2.5 2.5 2.5 2.5 2.5 2.5 2.5 2.5 2.5 2.5 
2.5 2.5 2.5 2.5 2.5 2.5 2.5 2.5 2.5 2.5 2.5 2.5 2.5 2.5 2.5 2.5 2.5 2.5 2.5 2.5 2.5 2.5 2.5 2.5 2.5 2.5 2.5 2.5 2.5 2.5 2.5 2.5 2.5 
2.54 2.54 2.54 2.54 2.54 2.54 2.54 2.54 2.54 2.54 2.54 2.54 2.54 2.54 2.54 2.54 2.54 2.54 2.54 2.54 2.54 2.54 2.54 2.54 2.54 2.54 2.54 2.54 2.54 2.54 2.54 2.54 2.54 
2.54 2.58659 2.6169 2.62035 2.59573 2.55164 2.50349 2.46809 2.45781 2.47624 2.51695 2.56571 2.60549 2.62239 2.61051 2.574 2.52562 2.48225 2.45906 2.46415 2.49573 2.54277 2.58885 2.61786 2.61968 2.59366 2.54889 2.50102 2.46677 2.4581 2.47804 2.51962 2.56833 
2.54 2.6169 2.66694 2.67264 2.632 2.55922 2.47973 2.42129 2.40432 2.43475 2.50194 2.58243 2.6481 2.676 2.65639 2.59613 2.51626 2.44468 2.4064 2.41479 2.46692 2.54458 2.62064 2.66853 2.67152 2.62857 2.55468 2.47566 2.41912 2.4048 2.43772 2.50636 2.58676 
2.54 2.62035 2.67264 2.67859 2.63612 2.56008 2.47703 2.41597 2.39824 2.43003 2.50024 2.58433 2.65294 2.6821 2.66162 2.59865 2.51519 2.4404 2.40041 2.40917 2.46364 2.54478 2.62426 2.67429 2.67742 2.63254 2.55533 2.47277 2.41369 2.39874 2.43313 2.50485 2.58886 
2.54 2.59573 2.632 2.63612 2.60667 2.55393 2.49632 2.45397 2.44167 2.46372 2.51242 2.57075 2.61834 2.63856 2.62435 2.58068 2.52279 2.47092 2.44318 2.44926 2.48704 2.54332 2.59844 2.63315 2.63531 2.60419 2.55064 2.49337 2.45239 2.44202 2.46587 2.51562 2.57389 
2.54 2.55164 2.55922 2.56008 2.55393 2.54291 2.53087 2.52203 2.51946 2.52406 2.53424 2.54642 2.55637 2.56059 2.55762 2.5485 2.53641 2.52557 2.51977 2.52104 2.52893 2.54069 2.55221 2.55946 2.55991 2.55341 2.54222 2.53026 2.5217 2.51953 2.52451 2.53491 2.54708 
2.54 2.50349 2.47973 2.47703 2.49632 2.53087 2.56862 2.59636 2.60442 2.58997 2.55807 2.51985 2.48868 2.47543 2.48474 2.51335 2.55127 2.58526 2.60343 2.59945 2.5747 2.53783 2.50171 2.47898 2.47756 2.49795 2.53303 2.57055 2.59739 2.60419 2.58856 2.55597 2.5178 
2.54 2.46809 2.42129 2.41597 2.45397 2.52203 2.59636 2.65101 2.66687 2.63842 2.57559 2.50032 2.43892 2.41282 2.43116 2.48751 2.5622 2.62914 2.66493 2.65709 2.60834 2.53572 2.46459 2.41981 2.41701 2.45718 2.52628 2.60017 2.65304 2.66643 2.63565 2.57146 2.49627 
2.54 2.45781 2.40432 2.39824 2.44167 2.51946 2.60442 2.66687 2.68501 2.65249 2.58067 2.49465 2.42447 2.39464 2.4156 2.48001 2.56538 2.64188 2.68279 2.67383 2.61811 2.53511 2.45381 2.40263 2.39943 2.44534 2.52431 2.60877 2.6692 2.6845 2.64932 2.57595 2.49002 
2.54 2.47624 2.43475 2.43003 2.46372 2.52406 2.58997 2.63842 2.65249 2.62726 2.57155 2.50482 2.45038 2.42724 2.4435 2.49346 2.55969 2.61903 2.65077 2.64381 2.60059 2.5362 2.47314 2.43343 2.43095 2.46657 2.52783 2.59335 2.64023 2.65209 2.6248 2.56789 2.50123 
2.54 2.51695 2.50194 2.50024 2.51242 2.53424 2.55807 2.57559 2.58067 2.57155 2.55141 2.52728 2.50759 2.49923 2.50511 2.52317 2.54712 2.56858 2.58005 2.57754 2.56191 2.53863 2.51583 2.50147 2.50057 2.51345 2.5356 2.55929 2.57624 2.58053 2.57066 2.55008 2.52598 
2.54 2.56571 2.58243 2.58433 2.57075 2.54642 2.51985 2.50032 2.49465 2.50482 2.52728 2.55418 2.57613 2.58546 2.57891 2.55876 2.53206 2.50814 2.49534 2.49815 2.51557 2.54153 2.56695 2.58296 2.58396 2.5696 2.54491 2.51849 2.49959 2.49481 2.50581 2.52876 2.55563 
2.54 2.60549 2.6481 2.65294 2.61834 2.55637 2.48868 2.43892 2.42447 2.45038 2.50759 2.57613 2.63205 2.65581 2.63911 2.5878 2.51978 2.45883 2.42623 2.43338 2.47777 2.5439 2.60867 2.64945 2.65199 2.61542 2.5525 2.48521 2.43706 2.42487 2.4529 2.51136 2.57982 
2.54 2.62239 2.676 2.6821 2.63856 2.56059 2.47543 2.41282 2.39464 2.42724 2.49923 2.58546 2.65581 2.6857 2.6647 2.60013 2.51456 2.43788 2.39687 2.40586 2.46171 2.54491 2.62639 2.6777 2.6809 2.63489 2.55572 2.47107 2.41049 2.39516 2.43042 2.50396 2.5901 
2.54 2.61051 2.65639 2.66162 2.62435 2.55762 2.48474 2.43116 2.4156 2.4435 2.50511 2.57891 2.63911 2.6647 2.64672 2.59147 2.51823 2.4526 2.4175 2.42519 2.47299 2.5442 2.61394 2.65785 2.66059 2.62121 2.55346 2.481 2.42916 2.41604 2.44622 2.50916 2.58287 
2.54 2.574 2.59613 2.59865 2.58068 2.5485 2.51335 2.48751 2.48001 2.49346 2.52317 2.55876 2.5878 2.60013 2.59147 2.56482 2.5295 2.49785 2.48093 2.48464 2.50769 2.54202 2.57566 2.59683 2.59815 2.57916 2.54649 2.51155 2.48655 2.48022 2.49477 2.52513 2.56068 
2.54 2.52562 2.51626 2.51519 2.52279 2.53641 2.55127 2.5622 2.56538 2.55969 2.54712 2.53206 2.51978 2.51456 2.51823 2.5295 2.54444 2.55783 2.56499 2.56342 2.55367 2.53914 2.52492 2.51596 2.5154 2.52343 2.53726 2.55203 2.56261 2.56529 2.55913 2.54629 2.53125 
2.54 2.48225 2.44468 2.4404 2.47092 2.52557 2.58526 2.62914 2.64188 2.61903 2.56858 2.50814 2.45883 2.43788 2.4526 2.49785 2.55783 2.61158 2.64032 2.63402 2.59488 2.53656 2.47945 2.44349 2.44124 2.47349 2.52898 2.58832 2.63077 2.64152 2.6168 2.56526 2.50489 
2.54 2.45906 2.4064 2.40041 2.44318 2.51977 2.60343 2.66493 2.68279 2.65077 2.58005 2.49534 2.42623 2.39687 2.4175 2.48093 2.56499 2.64032 2.68061 2.67178 2.61691 2.53518 2.45513 2.40473 2.40158 2.44679 2.52455 2.60772 2.66723 2.68229 2.64765 2.5754 2.49079 
2.54 2.46415 2.41479 2.40917 2.44926 2.52104 2.59945 2.65709 2.67383 2.64381 2.57754 2.49815 2.43338 2.40586 2.42519 2.48464 2.56342 2.63402 2.67178 2.6635 2.61208 2.53548 2.46046 2.41322 2.41027 2.45264 2.52552 2.60347 2.65924 2.67335 2.64089 2.57318 2.49388 
2.54 2.49573 2.46692 2.46364 2.48704 2.52893 2.5747 2.60834 2.61811 2.60059 2.56191 2.51557 2.47777 2.46171 2.47299 2.50769 2.55367 2.59488 2.61691 2.61208 2.58207 2.53736 2.49358 2.46601 2.46428 2.48901 2.53155 2.57704 2.60959 2.61783 2.59888 2.55936 2.51308 
2.54 2.54277 2.54458 2.54478 2.54332 2.54069 2.53783 2.53572 2.53511 2.5362 2.53863 2.54153 2.5439 2.54491 2.5442 2.54202 2.53914 2.53656 2.53518 2.53548 2.53736 2.54017 2.54291 2.54464 2.54474 2.5432 2.54053 2.53768 2.53564 2.53512 2.53631 2.53879 2.54169 
2.54 2.58885 2.62064 2.62426 2.59844 2.55221 2.50171 2.46459 2.45381 2.47314 2.51583 2.56695 2.60867 2.62639 2.61394 2.57566 2.52492 2.47945 2.45513 2.46046 2.49358 2.54291 2.59123 2.62165 2.62355 2.59626 2.54932 2.49913 2.46321 2.45412 2.47503 2.51863 2.5697 
2.54 2.61786 2.66853 2.67429 2.63315 2.55946 2.47898 2.41981 2.40263 2.43343 2.50147 2.58296 2.64945 2.6777 2.65785 2.59683 2.51596 2.44349 2.40473 2.41322 2.46601 2.54464 2.62165 2.67014 2.67317 2.62968 2.55486 2.47485 2.4176 2.40311 2.43644 2.50594 2.58734 
2.54 2.61968 2.67152 2.67742 2.63531 2.55991 2.47756 2.41701 2.39943 2.43095 2.50057 2.58396 2.65199 2.6809 2.66059 2.59815 2.5154 2.44124 2.40158 2.41027 2.46428 2.54474 2.62355 2.67317 2.67626 2.63176 2.55521 2.47334 2.41475 2.39993 2.43403 2.50515 2.58845 
2.54 2.59366 2.62857 2.63254 2.60419 2.55341 2.49795 2.45718 2.44534 2.46657 2.51345 2.5696 2.61542 2.63489 2.62121 2.57916 2.52343 2.47349 2.44679 2.45264 2.48901 2.5432 2.59626 2.62968 2.63176 2.60179 2.55024 2.49511 2.45566 2.44567 2.46864 2.51653 2.57262 
2.54 2.54889 2.55468 2.55533 2.55064 2.54222 2.53303 2.52628 2.52431 2.52783 2.5356 2.54491 2.5525 2.55572 2.55346 2.54649 2.53726 2.52898 2.52455 2.52552 2.53155 2.54053 2.54932 2.55486 2.55521 2.55024 2.5417 2.53256 2.52602 2.52437 2.52818 2.53611 2.54541 
2.54 2.50102 2.47566 2.47277 2.49337 2.53026 2.57055 2.60017 2.60877 2.59335 2.55929 2.51849 2.48521 2.47107 2.481 2.51155 2.55203 2.58832 2.60772 2.60347 2.57704 2.53768 2.49913 2.47485 2.47334 2.49511 2.53256 2.57261 2.60127 2.60853 2.59184 2.55705 2.5163 
2.54 2.46677 2.41912 2.41369 2.45239 2.5217 2.59739 2.65304 2.6692 2.64023 2.57624 2.49959 2.43706 2.41049 2.42916 2.48655 2.56261 2.63077 2.66723 2.65924 2.60959 2.53564 2.46321 2.4176 2.41475 2.45566 2.52602 2.60127 2.65512 2.66875 2.6374 2.57203 2.49547 
2.54 2.4581 2.4048 2.39874 2.44202 2.51953 2.60419 2.66643 2.6845 2.65209 2.58053 2.49481 2.42487 2.39516 2.41604 2.48022 2.56529 2.64152 2.68229 2.67335 2.61783 2.53512 2.45412 2.40311 2.39993 2.44567 2.52437 2.60853 2.66875 2.68399 2.64894 2.57583 2.4902 
2.54 2.47804 2.43772 2.43313 2.46587 2.52451 2.58856 2.63565 2.64932 2.6248 2.57066 2.50581 2.4529 2.43042 2.44622 2.49477 2.55913 2.6168 2.64765 2.64089 2.59888 2.53631 2.47503 2.43644 2.43403 2.46864 2.52818 2.59184 2.6374 2.64894 2.62241 2.5671 2.50232 
2.54 2.51962 2.50636 2.50485 2.51562 2.53491 2.55597 2.57146 2.57595 2.56789 2.55008 2.52876 2.51136 2.50396 2.50916 2.52513 2.54629 2.56526 2.5754 2.57318 2.55936 2.53879 2.51863 2.50594 2.50515 2.51653 2.53611 2.55705 2.57203 2.57583 2.5671 2.54891 2.52761 
2.54 2.56833 2.58676 2.58886 2.57389 2.54708 2.5178 2.49627 2.49002 2.50123 2.52598 2.55563 2.57982 2.5901 2.58287 2.56068 2.53125 2.50489 2.49079 2.49388 2.51308 2.54169 2.5697 2.58734 2.58845 2.57262 2.54541 2.5163 2.49547 2.4902 2.50232 2.52761 2.55722 
2.54 2.60714 2.65082 2.65579 2.62031 2.55678 2.48738 2.43637 2.42155 2.44812 2.50678 2.57704 2.63437 2.65873 2.64161 2.589 2.51927 2.45678 2.42337 2.43069 2.4762 2.544 2.6104 2.65221 2.65482 2.61732 2.55281 2.48383 2.43447 2.42197 2.45071 2.51063 2.58082 
2.54 2.62249 2.67617 2.68228 2.63868 2.56062 2.47535 2.41266 2.39446 2.4271 2.49918 2.58552 2.65595 2.68589 2.66486 2.60021 2.51453 2.43775 2.39669 2.40569 2.46161 2.54491 2.6265 2.67787 2.68108 2.63501 2.55574 2.47098 2.41033 2.39497 2.43028 2.50392 2.59016 
2.54 2.60903 2.65395 2.65906 2.62258 2.55725 2.4859 2.43344 2.41821 2.44552 2.50584 2.57809 2.63703 2.66208 2.64448 2.59039 2.51869 2.45443 2.42007 2.4276 2.4744 2.54411 2.61239 2.65538 2.65806 2.6195 2.55317 2.48224 2.43149 2.41864 2.44818 2.50981 2.58197 
2.58 2.58 2.58 2.58 2.58 2.58 2.58 2.58 2.58 2.58 2.58 2.58 2.58 2.58 2.58 2.58 2.58 2.58 2.58 2.58 2.58 2.58 2.58 2.58 2.58 2.58 2.58 2.58 2.58 2.58 2.58 2.58 2.58 
2.58 2.66306 2.7171 2.72325 2.67936 2.60076 2.51491 2.45179 2.43346 2.46633 2.5389 2.62583 2.69675 2.72689 2.70571 2.64062 2.55436 2.47705 2.4357 2.44477 2.50107 2.58495 2.66709 2.71882 2.72205 2.67566 2.59585 2.51051 2.44944 2.43398 2.46953 2.54367 2.6305 
2.58 2.7171 2.80631 2.81646 2.74401 2.61427 2.47255 2.36837 2.33812 2.39236 2.51215 2.65565 2.77271 2.82246 2.78751 2.68007 2.53767 2.41006 2.34181 2.35677 2.44971 2.58816 2.72376 2.80914 2.81448 2.7379 2.60616 2.46529 2.36449 2.33897 2.39765 2.52003 2.66336 
2.58 2.72325 2.81646 2.82707 2.75137 2.6158 2.46773 2.35888 2.32727 2.38394 2.50911 2.65904 2.78136 2.83334 2.79682 2.68456 2.53577 2.40244 2.33113 2.34676 2.44387 2.58853 2.73021 2.81942 2.82499 2.74498 2.60734 2.46014 2.35482 2.32816 2.38947 2.51734 2.6671 
2.58 2.67936 2.74401 2.75137 2.69886 2.60483 2.50213 2.42663 2.4047 2.44402 2.53083 2.63482 2.71966 2.75571 2.73038 2.65252 2.54932 2.45684 2.40738 2.41822 2.48558 2.58592 2.68419 2.74606 2.74993 2.69443 2.59896 2.49687 2.42381 2.40532 2.44785 2.53654 2.64041 
2.58 2.60076 2.61427 2.6158 2.60483 2.58519 2.56373 2.54796 2.54338 2.55159 2.56973 2.59145 2.60918 2.61671 2.61142 2.59515 2.57359 2.55427 2.54394 2.5462 2.56027 2.58124 2.60177 2.61469 2.6155 2.60391 2.58396 2.56263 2.54737 2.54351 2.55239 2.57092 2.59262 
2.58 2.51491 2.47255 2.46773 2.50213 2.56373 2.63102 2.68048 2.69484 2.66909 2.61221 2.54408 2.4885 2.46488 2.48148 2.53249 2.6001 2.66069 2.69309 2.68598 2.64186 2.57612 2.51174 2.47121 2.46867 2.50503 2.56758 2.63446 2.68232 2.69444 2.66658 2.60847 2.54042 
2.58 2.45179 2.36837 2.35888 2.42663 2.54796 2.68048 2.7779 2.80619 2.75547 2.64344 2.50926 2.39979 2.35327 2.38595 2.48642 2.61958 2.73892 2.80273 2.78874 2.70184 2.57237 2.44556 2.36572 2.36074 2.43234 2.55553 2.68727 2.78153 2.8054 2.75052 2.63608 2.50205 
2.58 2.43346 2.33812 2.32727 2.4047 2.54338 2.69484 2.80619 2.83852 2.78055 2.65251 2.49915 2.37403 2.32086 2.35821 2.47305 2.62524 2.76163 2.83457 2.81858 2.71925 2.57127 2.42634 2.33509 2.32939 2.41124 2.55204 2.7026 2.81034 2.83762 2.7749 2.64409 2.4909 
2.58 2.46633 2.39236 2.38394 2.44402 2.55159 2.66909 2.75547 2.78055 2.73557 2.63625 2.51728 2.42022 2.37897 2.40795 2.49703 2.6151 2.7209 2.77748 2.76508 2.68802 2.57323 2.4608 2.39002 2.38559 2.44908 2.55831 2.67511 2.75869 2.77984 2.73119 2.62972 2.51088 
2.58 2.5389 2.51215 2.50911 2.53083 2.56973 2.61221 2.64344 2.65251 2.63625 2.60034 2.55732 2.52223 2.50731 2.51779 2.55 2.59269 2.63095 2.65141 2.64692 2.61906 2.57755 2.5369 2.51131 2.50971 2.53266 2.57216 2.61439 2.64461 2.65226 2.63467 2.59798 2.55501 
2.58 2.62583 2.65565 2.65904 2.63482 2.59145 2.54408 2.50926 2.49915 2.51728 2.55732 2.60529 2.64442 2.66104 2.64936 2.61345 2.56585 2.5232 2.50038 2.50538 2.53645 2.58273 2.62805 2.65659 2.65838 2.63278 2.58875 2.54166 2.50796 2.49943 2.51905 2.55995 2.60786 
2.58 2.69675 2.77271 2.78136 2.71966 2.60918 2.4885 2.39979 2.37403 2.42022 2.52223 2.64442 2.7441 2.78646 2.7567 2.66521 2.54396 2.43529 2.37718 2.38991 2.46906 2.58695 2.70242 2.77512 2.77967 2.71446 2.60228 2.48232 2.39648 2.37475 2.42472 2.52893 2.65099 
2.58 2.72689 2.82246 2.83334 2.75571 2.61671 2.46488 2.35327 2.32086 2.37897 2.50731 2.66104 2.78646 2.83976 2.80232 2.68721 2.53465 2.39793 2.32482 2.34085 2.44042 2.58875 2.73402 2.82549 2.83121 2.74917 2.60803 2.4571 2.34911 2.32177 2.38464 2.51575 2.66931 
2.58 2.70571 2.78751 2.79682 2.73038 2.61142 2.48148 2.38595 2.35821 2.40795 2.51779 2.64936 2.7567 2.80232 2.77027 2.67175 2.54119 2.42418 2.3616 2.37532 2.46054 2.58749 2.71182 2.7901 2.79499 2.72478 2.60399 2.47482 2.38239 2.35899 2.4128 2.52501 2.65644 
2.58 2.64062 2.68007 2.68456 2.65252 2.59515 2.53249 2.48642 2.47305 2.49703 2.55 2.61345 2.66521 2.68721 2.67175 2.62425 2.56128 2.50486 2.47468 2.4813 2.52239 2.58361 2.64357 2.68132 2.68368 2.64982 2.59157 2.52928 2.48471 2.47342 2.49937 2.55348 2.61686 
2.58 2.55436 2.53767 2.53577 2.54932 2.57359 2.6001 2.61958 2.62524 2.6151 2.59269 2.56585 2.54396 2.53465 2.54119 2.56128 2.58792 2.61179 2.62455 2.62175 2.60437 2.57847 2.55311 2.53714 2.53614 2.55047 2.57511 2.60146 2.62031 2.62508 2.61411 2.59122 2.56441 
2.58 2.47705 2.41006 2.40244 2.45684 2.55427 2.66069 2.73892 2.76163 2.7209 2.63095 2.5232 2.43529 2.39793 2.42418 2.50486 2.61179 2.70761 2.75886 2.74762 2.67783 2.57387 2.47205 2.40794 2.40393 2.46143 2.56035 2.66614 2.74183 2.76099 2.71693 2.62503 2.5174 
2.58 2.4357 2.34181 2.33113 2.40738 2.54394 2.69309 2.80273 2.83457 2.77748 2.65141 2.50038 2.37718 2.32482 2.3616 2.47468 2.62455 2.75886 2.83068 2.81494 2.71712 2.57141 2.42869 2.33884 2.33322 2.41382 2.55246 2.70073 2.80682 2.83368 2.77192 2.64311 2.49226 
2.58 2.44477 2.35677 2.34676 2.41822 2.5462 2.68598 2.78874 2.81858 2.76508 2.64692 2.50538 2.38991 2.34085 2.37532 2.4813 2.62175 2.74762 2.81494 2.80018 2.70851 2.57195 2.4382 2.35398 2.34872 2.42425 2.55419 2.69315 2.79257 2.81774 2.75986 2.63915 2.49778 
2.58 2.50107 2.44971 2.44387 2.48558 2.56027 2.64186 2.70184 2.71925 2.68802 2.61906 2.53645 2.46906 2.44042 2.46054 2.52239 2.60437 2.67783 2.71712 2.70851 2.65501 2.5753 2.49724 2.44808 2.44501 2.4891 2.56494 2.64604 2.70407 2.71876 2.68498 2.61452 2.53201 
2.58 2.58495 2.58816 2.58853 2.58592 2.58124 2.57612 2.57237 2.57127 2.57323 2.57755 2.58273 2.58695 2.58875 2.58749 2.58361 2.57847 2.57387 2.57141 2.57195 2.5753 2.58029 2.58519 2.58827 2.58846 2.5857 2.58094 2.57586 2.57223 2.5713 2.57342 2.57784 2.58301 
2.58 2.66709 2.72376 2.73021 2.68419 2.60177 2.51174 2.44556 2.42634 2.4608 2.5369 2.62805 2.70242 2.73402 2.71182 2.64357 2.55311 2.47205 2.42869 2.4382 2.49724 2.58519 2.67133 2.72556 2.72895 2.6803 2.59662 2.50713 2.4431 2.42689 2.46416 2.54191 2.63296 
2.58 2.71882 2.80914 2.81942 2.74606 2.61469 2.47121 2.36572 2.33509 2.39002 2.51131 2.65659 2.77512 2.82549 2.7901 2.68132 2.53714 2.40794 2.33884 2.35398 2.44808 2.58827 2.72556 2.81201 2.81741 2.73987 2.60649 2.46385 2.36179 2.33595 2.39537 2.51928 2.6644 
2.58 2.72205 2.81448 2.82499 2.74993 2.6155 2.46867 2.36074 2.32939 2.38559 2.50971 2.65838 2.77967 2.83121 2.79499 2.68368 2.53614 2.40393 2.33322 2.34872 2.44501 2.58846 2.72895 2.81741 2.82293 2.74359 2.60711 2.46115 2.35671 2.33027 2.39107 2.51787 2.66637 
2.58 2.67566 2.7379 2.74498 2.69443 2.60391 2.50503 2.43234 2.41124 2.44908 2.53266 2.63278 2.71446 2.74917 2.72478 2.64982 2.55047 2.46143 2.41382 2.42425 2.4891 2.5857 2.6803 2.73987 2.74359 2.69017 2.59825 2.49997 2.42963 2.41183 2.45277 2.53816 2.63816 
2.58 2.59585 2.60616 2.60734 2.59896 2.58396 2.56758 2.55553 2.55204 2.55831 2.57216 2.58875 2.60228 2.60803 2.60399 2.59157 2.57511 2.56035 2.55246 2.55419 2.56494 2.58094 2.59662 2.60649 2.60711 2.59825 2.58302 2.56674 2.55508 2.55213 2.55892 2.57307 2.58964 
2.58 2.51051 2.46529 2.46014 2.49687 2.56263 2.63446 2.68727 2.7026 2.67511 2.61439 2.54166 2.48232 2.4571 2.47482 2.52928 2.60146 2.66614 2.70073 2.69315 2.64604 2.57586 2.50713 2.46385 2.46115 2.49997 2.56674 2.63814 2.68924 2.70217 2.67243 2.6104 2.53775 
2.58 2.44944 2.36449 2.35482 2.42381 2.54737 2.68232 2.78153 2.81034 2.75869 2.64461 2.50796 2.39648 2.34911 2.38239 2.48471 2.62031 2.74183 2.80682 2.79257 2.70407 2.57223 2.4431 2.36179 2.35671 2.42963 2.55508 2.68924 2.78523 2.80953 2.75365 2.63711 2.50062 
2.58 2.43398 2.33897 2.32816 2.40532 2.54351 2.69444 2.8054 2.83762 2.77984 2.65226 2.49943 2.37475 2.32177 2.35899 2.47342 2.62508 2.76099 2.83368 2.81774 2.71876 2.5713 2.42689 2.33595 2.33027 2.41183 2.55213 2.70217 2.80953 2.83671 2.77421 2.64387 2.49122 
2.58 2.46953 2.39765 2.38947 2.44785 2.55239 2.66658 2.75052 2.7749 2.73119 2.63467 2.51905 2.42472 2.38464 2.4128 2.49937 2.61411 2.71693 2.77192 2.75986 2.68498 2.57342 2.46416 2.39537 2.39107 2.45277 2.55892 2.67243 2.75365 2.77421 2.72693 2.62832 2.51283 
2.58 2.54367 2.52003 2.51734 2.53654 2.57092 2.60847 2.63608 2.64409 2.62972 2.59798 2.55995 2.52893 2.51575 2.52501 2.55348 2.59122 2.62503 2.64311 2.63915 2.61452 2.57784 2.54191 2.51928 2.51787 2.53816 2.57307 2.6104 2.63711 2.64387 2.62832 2.59589 2.55791 
2.58 2.6305 2.66336 2.6671 2.64041 2.59262 2.54042 2.50205 2.4909 2.51088 2.55501 2.60786 2.65099 2.66931 2.65644 2.61686 2.56441 2.5174 2.49226 2.49778 2.53201 2.58301 2.63296 2.6644 2.66637 2.63816 2.58964 2.53775 2.50062 2.49122 2.51283 2.55791 2.61071 
2.58 2.69969 2.77757 2.78643 2.72318 2.60991 2.4862 2.39525 2.36884 2.41619 2.52077 2.64604 2.74824 2.79167 2.76116 2.66736 2.54305 2.43164 2.37206 2.38512 2.46626 2.58713 2.70551 2.78004 2.7847 2.71785 2.60284 2.47986 2.39186 2.36958 2.42081 2.52765 2.65278 
2.58 2.72707 2.82276 2.83365 2.75593 2.61676 2.46474 2.35298 2.32053 2.37872 2.50722 2.66115 2.78672 2.84009 2.80259 2.68734 2.53459 2.39771 2.3245 2.34055 2.44024 2.58876 2.73421 2.8258 2.83152 2.74938 2.60807 2.45695 2.34882 2.32145 2.38439 2.51567 2.66942 
2.58 2.70307 2.78315 2.79226 2.72723 2.61076 2.48355 2.39003 2.36287 2.41156 2.5191 2.64791 2.75299 2.79765 2.76627 2.66983 2.542 2.42745 2.36619 2.37962 2.46305 2.58733 2.70905 2.78569 2.79048 2.72174 2.60349 2.47703 2.38654 2.36363 2.41631 2.52617 2.65483 
2.62 2.62 2.62 2.62 2.62 2.62 2.62 2.62 2.62 2.62 2.62 2.62 2.62 2.62 2.62 2.62 2.62 2.62 2.62 2.62 2.62 2.62 2.62 2.62 2.62 2.62 2.62 2.62 2.62 2.62 2.62 2.62 2.62 
2.62 2.71999 2.78504 2.79245 2.73961 2.64499 2.54164 2.46566 2.4436 2.48316 2.57052 2.67517 2.76054 2.79682 2.77133 2.69298 2.58913 2.49607 2.4463 2.45721 2.52498 2.62595 2.72484 2.78711 2.791 2.73515 2.63908 2.53634 2.46283 2.44422 2.48702 2.57627 2.68079 
2.62 2.78504 2.89243 2.90465 2.81744 2.66125 2.49065 2.36524 2.32882 2.39412 2.53833 2.71106 2.85199 2.91187 2.8698 2.74046 2.56904 2.41543 2.33327 2.35128 2.46316 2.62983 2.79306 2.89584 2.90226 2.81008 2.6515 2.48191 2.36057 2.32985 2.40049 2.54781 2.72035 
2.62 2.79245 2.90465 2.91742 2.82629 2.6631 2.48485 2.35381 2.31576 2.38399 2.53466 2.71515 2.86239 2.92497 2.881 2.74587 2.56676 2.40625 2.32041 2.33923 2.45612 2.63027 2.80083 2.90821 2.91492 2.8186 2.65291 2.47572 2.34893 2.31683 2.39064 2.54457 2.72485 
2.62 2.73961 2.81744 2.82629 2.76309 2.64989 2.52626 2.43537 2.40898 2.4563 2.56081 2.68599 2.78813 2.83153 2.80103 2.7073 2.58307 2.47174 2.4122 2.42526 2.50634 2.62712 2.74542 2.81991 2.82456 2.75775 2.64283 2.51993 2.43198 2.40972 2.46092 2.56768 2.69273 
2.62 2.64499 2.66125 2.6631 2.64989 2.62625 2.60042 2.58143 2.57591 2.5858 2.60763 2.63379 2.65513 2.66419 2.65782 2.63824 2.61228 2.58903 2.57659 2.57931 2.59625 2.62149 2.6462 2.66177 2.66274 2.64878 2.62477 2.59909 2.58072 2.57607 2.58676 2.60907 2.63519 
2.62 2.54164 2.49065 2.48485 2.52626 2.60042 2.68141 2.74096 2.75825 2.72724 2.65878 2.57676 2.50985 2.48142 2.5014 2.56281 2.64419 2.71713 2.75613 2.74758 2.69447 2.61533 2.53783 2.48903 2.48599 2.52975 2.60505 2.68556 2.74318 2.75776 2.72422 2.65427 2.57235 
2.62 2.46566 2.36524 2.35381 2.43537 2.58143 2.74096 2.85823 2.89229 2.83123 2.69637 2.53484 2.40306 2.34706 2.38641 2.50735 2.66765 2.8113 2.88813 2.87129 2.76667 2.61081 2.45816 2.36205 2.35605 2.44225 2.59055 2.74913 2.8626 2.89133 2.82527 2.68751 2.52616 
2.62 2.4436 2.32882 2.31576 2.40898 2.57591 2.75825 2.89229 2.93121 2.86142 2.70729 2.52267 2.37205 2.30805 2.35302 2.49125 2.67446 2.83865 2.92645 2.90721 2.78763 2.6095 2.43503 2.32518 2.31832 2.41684 2.58634 2.76759 2.89728 2.93012 2.85462 2.69716 2.51275 
2.62 2.48316 2.39412 2.38399 2.4563 2.5858 2.72724 2.83123 2.86142 2.80728 2.68772 2.5445 2.42766 2.378 2.41289 2.52012 2.66225 2.78961 2.85773 2.8428 2.75004 2.61185 2.47651 2.3913 2.38597 2.4624 2.59389 2.73449 2.8351 2.86057 2.802 2.67985 2.5368 
2.62 2.57052 2.53833 2.53466 2.56081 2.60763 2.65878 2.69637 2.70729 2.68772 2.64448 2.5927 2.55045 2.5325 2.54511 2.58389 2.63528 2.68133 2.70596 2.70056 2.66702 2.61705 2.56812 2.53731 2.53538 2.56302 2.61056 2.6614 2.69778 2.70698 2.68581 2.64164 2.58992 
2.62 2.67517 2.71106 2.71515 2.68599 2.63379 2.57676 2.53484 2.52267 2.5445 2.5927 2.65044 2.69754 2.71756 2.7035 2.66027 2.60297 2.55162 2.52416 2.53018 2.56758 2.62329 2.67785 2.7122 2.71435 2.68354 2.63053 2.57384 2.53328 2.52301 2.54663 2.59587 2.65354 
2.62 2.76054 2.85199 2.86239 2.78813 2.65513 2.50985 2.40306 2.37205 2.42766 2.55045 2.69754 2.81755 2.86854 2.83271 2.72258 2.57661 2.4458 2.37584 2.39118 2.48644 2.62837 2.76737 2.85489 2.86036 2.78186 2.64682 2.50241 2.39908 2.37292 2.43308 2.55853 2.70545 
2.62 2.79682 2.91187 2.92497 2.83153 2.66419 2.48142 2.34706 2.30805 2.378 2.5325 2.71756 2.86854 2.9327 2.88762 2.74906 2.56541 2.40083 2.31281 2.33211 2.45197 2.63053 2.80541 2.91552 2.9224 2.82364 2.65374 2.47206 2.34205 2.30914 2.38482 2.54266 2.72751 
2.62 2.77133 2.8698 2.881 2.80103 2.65782 2.5014 2.38641 2.35302 2.41289 2.54511 2.7035 2.83271 2.88762 2.84904 2.73045 2.57328 2.43242 2.3571 2.37361 2.47619 2.62901 2.77868 2.87292 2.87881 2.79429 2.64888 2.49338 2.38212 2.35395 2.41873 2.55381 2.71201 
2.62 2.69298 2.74046 2.74587 2.7073 2.63824 2.56281 2.50735 2.49125 2.52012 2.58389 2.66027 2.72258 2.74906 2.73045 2.67326 2.59747 2.52954 2.49322 2.50118 2.55065 2.62435 2.69652 2.74197 2.74481 2.70405 2.63393 2.55894 2.50529 2.4917 2.52294 2.58808 2.66437 
2.62 2.58913 2.56904 2.56676 2.58307 2.61228 2.64419 2.66765 2.67446 2.66225 2.63528 2.60297 2.57661 2.56541 2.57328 2.59747 2.62953 2.65826 2.67363 2.67026 2.64934 2.61816 2.58763 2.56841 2.56721 2.58445 2.61411 2.64583 2.66852 2.67427 2.66106 2.6335 2.60123 
2.62 2.49607 2.41543 2.40625 2.47174 2.58903 2.71713 2.8113 2.83865 2.78961 2.68133 2.55162 2.4458 2.40083 2.43242 2.52954 2.65826 2.77362 2.83531 2.82178 2.73777 2.61262 2.49005 2.41287 2.40805 2.47727 2.59635 2.72369 2.81481 2.83788 2.78483 2.67421 2.54465 
2.62 2.4463 2.33327 2.32041 2.4122 2.57659 2.75613 2.88813 2.92645 2.85773 2.70596 2.52416 2.37584 2.31281 2.3571 2.49322 2.67363 2.83531 2.92177 2.90282 2.78507 2.60966 2.43786 2.32969 2.32293 2.41995 2.58685 2.76533 2.89305 2.92538 2.85103 2.69598 2.51438 
2.62 2.45721 2.35128 2.33923 2.42526 2.57931 2.74758 2.87129 2.90721 2.8428 2.70056 2.53018 2.39118 2.33211 2.37361 2.50118 2.67026 2.82178 2.90282 2.88505 2.7747 2.61031 2.4493 2.34792 2.34159 2.43251 2.58893 2.75621 2.8759 2.9062 2.83652 2.69121 2.52102 
2.62 2.52498 2.46316 2.45612 2.50634 2.59625 2.69447 2.76667 2.78763 2.75004 2.66702 2.56758 2.48644 2.45197 2.47619 2.55065 2.64934 2.73777 2.78507 2.7747 2.71029 2.61434 2.52037 2.4612 2.4575 2.51057 2.60187 2.6995 2.76936 2.78704 2.74637 2.66156 2.56223 
2.62 2.62595 2.62983 2.63027 2.62712 2.62149 2.61533 2.61081 2.6095 2.61185 2.61705 2.62329 2.62837 2.63053 2.62901 2.62435 2.61816 2.61262 2.60966 2.61031 2.61434 2.62035 2.62624 2.62995 2.63018 2.62686 2.62114 2.61502 2.61064 2.60953 2.61208 2.6174 2.62362 
2.62 2.72484 2.79306 2.80083 2.74542 2.6462 2.53783 2.45816 2.43503 2.47651 2.56812 2.67785 2.76737 2.80541 2.77868 2.69652 2.58763 2.49005 2.43786 2.4493 2.52037 2.62624 2.72994 2.79523 2.7993 2.74075 2.64001 2.53228 2.4552 2.43568 2.48056 2.57414 2.68375 
2.62 2.78711 2.89584 2.90821 2.81991 2.66177 2.48903 2.36205 2.32518 2.3913 2.53731 2.7122 2.85489 2.91552 2.87292 2.74197 2.56841 2.41287 2.32969 2.34792 2.4612 2.62995 2.79523 2.89929 2.90579 2.81246 2.65189 2.48018 2.35732 2.32622 2.39774 2.54691 2.72161 
2.62 2.791 2.90226 2.91492 2.82456 2.66274 2.48599 2.35605 2.31832 2.38597 2.53538 2.71435 2.86036 2.9224 2.87881 2.74481 2.56721 2.40805 2.32293 2.34159 2.4575 2.63018 2.7993 2.90579 2.91244 2.81693 2.65263 2.47693 2.35121 2.31938 2.39257 2.54521 2.72397 
2.62 2.73515 2.81008 2.8186 2.75775 2.64878 2.52975 2.44225 2.41684 2.4624 2.56302 2.68354 2.78186 2.82364 2.79429 2.70405 2.58445 2.47727 2.41995 2.43251 2.51057 2.62686 2.74075 2.81246 2.81693 2.75262 2.64198 2.52366 2.43899 2.41756 2.46684 2.56963 2.69002 
2.62 2.63908 2.6515 2.65291 2.64283 2.62477 2.60505 2.59055 2.58634 2.59389 2.61056 2.63053 2.64682 2.65374 2.64888 2.63393 2.61411 2.59635 2.58685 2.58893 2.60187 2.62114 2.64001 2.65189 2.65263 2.64198 2.62364 2.60404 2.59001 2.58646 2.59462 2.61165 2.6316 
2.62 2.53634 2.48191 2.47572 2.51993 2.59909 2.68556 2.74913 2.76759 2.73449 2.6614 2.57384 2.50241 2.47206 2.49338 2.55894 2.64583 2.72369 2.76533 2.75621 2.6995 2.61502 2.53228 2.48018 2.47693 2.52366 2.60404 2.68999 2.7515 2.76707 2.73126 2.65659 2.56914 
2.62 2.46283 2.36057 2.34893 2.43198 2.58072 2.74318 2.8626 2.89728 2.8351 2.69778 2.53328 2.39908 2.34205 2.38212 2.50529 2.66852 2.81481 2.89305 2.8759 2.76936 2.61064 2.4552 2.35732 2.35121 2.43899 2.59001 2.7515 2.86706 2.89631 2.82904 2.68875 2.52444 
2.62 2.44422 2.32985 2.31683 2.40972 2.57607 2.75776 2.89133 2.93012 2.86057 2.70698 2.52301 2.37292 2.30914 2.35395 2.4917 2.67427 2.83788 2.92538 2.9062 2.78704 2.60953 2.43568 2.32622 2.31938 2.41756 2.58646 2.76707 2.89631 2.92903 2.85379 2.69689 2.51312 
2.62 2.48702 2.40049 2.39064 2.46092 2.58676 2.72422 2.82527 2.85462 2.802 2.68581 2.54663 2.43308 2.38482 2.41873 2.52294 2.66106 2.78483 2.85103 2.83652 2.74637 2.61208 2.48056 2.39774 2.39257 2.46684 2.59462 2.73126 2.82904 2.85379 2.79687 2.67817 2.53914 
2.62 2.57627 2.54781 2.54457 2.56768 2.60907 2.65427 2.68751 2.69716 2.67985 2.64164 2.59587 2.55853 2.54266 2.55381 2.58808 2.6335 2.67421 2.69598 2.69121 2.66156 2.6174 2.57414 2.54691 2.54521 2.56963 2.61165 2.65659 2.68875 2.69689 2.67817 2.63913 2.59341 
2.62 2.68079 2.72035 2.72485 2.69273 2.63519 2.57235 2.52616 2.51275 2.5368 2.58992 2.65354 2.70545 2.72751 2.71201 2.66437 2.60123 2.54465 2.51438 2.52102 2.56223 2.62362 2.68375 2.72161 2.72397 2.69002 2.6316 2.56914 2.52444 2.51312 2.53914 2.59341 2.65696 
2.62 2.76408 2.85784 2.8685 2.79236 2.65601 2.50708 2.39759 2.3658 2.42281 2.5487 2.6995 2.82253 2.87481 2.83808 2.72516 2.57552 2.44141 2.36969 2.38541 2.48308 2.62858 2.77108 2.86081 2.86641 2.78594 2.6475 2.49945 2.39351 2.36669 2.42836 2.55698 2.70761 
2.62 2.79704 2.91224 2.92535 2.83179 2.66425 2.48125 2.34672 2.30766 2.3777 2.53239 2.71768 2.86885 2.93309 2.88796 2.74922 2.56534 2.40056 2.31243 2.33175 2.45176 2.63054 2.80564 2.91589 2.92278 2.8239 2.65379 2.47187 2.34171 2.30875 2.38453 2.54256 2.72765 
2.62 2.76815 2.86455 2.87552 2.79723 2.65703 2.50389 2.39131 2.35862 2.41724 2.54669 2.70174 2.82825 2.882 2.84423 2.72813 2.57426 2.43636 2.36262 2.37878 2.47921 2.62882 2.77535 2.86761 2.87337 2.79063 2.64827 2.49604 2.38712 2.35954 2.42295 2.5552 2.71008 
2.66 2.66 2.66 2.66 2.66 2.66 2.66 2.66 2.66 2.66 2.66 2.66 2.66 2.66 2.66 2.66 2.66 2.66 2.66 2.66 2.66 2.66 2.66 2.66 2.66 2.66 2.66 2.66 2.66 2.66 2.66 2.66 2.66 
2.66 2.75254 2.81275 2.8196 2.7707 2.68313 2.58748 2.51716 2.49674 2.53335 2.61421 2.71106 2.79007 2.82365 2.80006 2.72754 2.63143 2.5453 2.49924 2.50933 2.57206 2.66551 2.75703 2.81466 2.81826 2.76657 2.67766 2.58258 2.51454 2.49732 2.53692 2.61952 2.71626 
2.66 2.81275 2.91214 2.92345 2.84273 2.69818 2.54029 2.42422 2.39052 2.45095 2.58441 2.74428 2.8747 2.93013 2.89119 2.77149 2.61284 2.47067 2.39463 2.4113 2.51485 2.6691 2.82017 2.91529 2.92123 2.83592 2.68915 2.5322 2.41989 2.39146 2.45684 2.59319 2.75287 
2.66 2.8196 2.92345 2.93526 2.85092 2.69989 2.53492 2.41364 2.37843 2.44157 2.58102 2.74806 2.88434 2.94225 2.90156 2.77649 2.61073 2.46218 2.38273 2.40015 2.50833 2.6695 2.82735 2.92674 2.93295 2.84381 2.69046 2.52647 2.40912 2.37942 2.44773 2.59019 2.75704 
2.66 2.7707 2.84273 2.85092 2.79243 2.68767 2.57324 2.48913 2.4647 2.5085 2.60522 2.72108 2.8156 2.85577 2.82755 2.7408 2.62582 2.52279 2.46769 2.47976 2.5548 2.66659 2.77608 2.84501 2.84932 2.78749 2.68113 2.56738 2.48599 2.46539 2.51277 2.61158 2.72731 
2.66 2.68313 2.69818 2.69989 2.68767 2.66578 2.64187 2.6243 2.6192 2.62835 2.64856 2.67276 2.69251 2.7009 2.695 2.67688 2.65286 2.63133 2.61982 2.62234 2.63802 2.66138 2.68425 2.69865 2.69955 2.68664 2.66441 2.64065 2.62365 2.61934 2.62924 2.64988 2.67406 
2.66 2.58748 2.54029 2.53492 2.57324 2.64187 2.71684 2.77195 2.78795 2.75925 2.69589 2.61999 2.55806 2.53175 2.55023 2.60707 2.68239 2.74989 2.78599 2.77808 2.72892 2.65568 2.58395 2.53879 2.53597 2.57648 2.64616 2.72068 2.774 2.7875 2.75646 2.69172 2.6159 
2.66 2.51716 2.42422 2.41364 2.48913 2.6243 2.77195 2.88049 2.912 2.85549 2.73068 2.58119 2.45922 2.4074 2.44381 2.55575 2.7041 2.83705 2.90815 2.89257 2.79574 2.65149 2.51022 2.42127 2.41571 2.49549 2.63274 2.77951 2.88453 2.91112 2.84998 2.72248 2.57315 
2.66 2.49674 2.39052 2.37843 2.4647 2.6192 2.78795 2.912 2.94803 2.88343 2.74079 2.56992 2.43052 2.37129 2.41291 2.54084 2.7104 2.86236 2.94362 2.92581 2.81514 2.65028 2.48881 2.38715 2.38079 2.47198 2.62884 2.79659 2.91663 2.94701 2.87714 2.73141 2.56074 
2.66 2.53335 2.45095 2.44157 2.5085 2.62835 2.75925 2.85549 2.88343 2.83333 2.72267 2.59012 2.48199 2.43603 2.46832 2.56756 2.6991 2.81698 2.88002 2.8662 2.78035 2.65246 2.5272 2.44834 2.44341 2.51414 2.63583 2.76596 2.85908 2.88265 2.82844 2.71539 2.583 
2.66 2.61421 2.58441 2.58102 2.60522 2.64856 2.69589 2.73068 2.74079 2.72267 2.68266 2.63473 2.59563 2.57902 2.59069 2.62658 2.67414 2.71676 2.73955 2.73456 2.70352 2.65727 2.61198 2.58347 2.58169 2.60726 2.65126 2.69831 2.73198 2.7405 2.7209 2.68003 2.63216 
2.66 2.71106 2.74428 2.74806 2.72108 2.67276 2.61999 2.58119 2.56992 2.59012 2.63473 2.68817 2.73177 2.75029 2.73728 2.69727 2.64424 2.59671 2.5713 2.57687 2.61148 2.66304 2.71354 2.74533 2.74732 2.7188 2.66974 2.61728 2.57974 2.57024 2.59209 2.63767 2.69104 
2.66 2.79007 2.8747 2.88434 2.8156 2.69251 2.55806 2.45922 2.43052 2.48199 2.59563 2.73177 2.84283 2.89002 2.85687 2.75494 2.61984 2.49878 2.43403 2.44822 2.53639 2.66775 2.79639 2.87739 2.88245 2.8098 2.68482 2.55117 2.45554 2.43133 2.487 2.60311 2.73909 
2.66 2.82365 2.93013 2.94225 2.85577 2.7009 2.53175 2.4074 2.37129 2.43603 2.57902 2.75029 2.89002 2.9494 2.90768 2.77944 2.60948 2.45716 2.3757 2.39356 2.50449 2.66974 2.8316 2.93351 2.93987 2.84847 2.69123 2.52308 2.40276 2.3723 2.44235 2.58842 2.7595 
2.66 2.80006 2.89119 2.90156 2.82755 2.695 2.55023 2.44381 2.41291 2.46832 2.59069 2.73728 2.85687 2.90768 2.87198 2.76222 2.61676 2.4864 2.41668 2.43196 2.52691 2.66834 2.80686 2.89408 2.89953 2.8213 2.68673 2.54282 2.43984 2.41378 2.47372 2.59874 2.74516 
2.66 2.72754 2.77149 2.77649 2.7408 2.67688 2.60707 2.55575 2.54084 2.56756 2.62658 2.69727 2.75494 2.77944 2.76222 2.7093 2.63915 2.57628 2.54266 2.55003 2.59582 2.66402 2.73082 2.77288 2.77551 2.73779 2.67289 2.60349 2.55383 2.54126 2.57017 2.63046 2.70107 
2.66 2.63143 2.61284 2.61073 2.62582 2.65286 2.68239 2.7041 2.7104 2.6991 2.67414 2.64424 2.61984 2.60948 2.61676 2.63915 2.66882 2.69541 2.70963 2.70652 2.68715 2.6583 2.63004 2.61225 2.61114 2.6271 2.65455 2.6839 2.70491 2.71023 2.698 2.6725 2.64263 
2.66 2.5453 2.47067 2.46218 2.52279 2.63133 2.74989 2.83705 2.86236 2.81698 2.71676 2.59671 2.49878 2.45716 2.4864 2.57628 2.69541 2.80217 2.85926 2.84675 2.769 2.65317 2.53973 2.4683 2.46384 2.5279 2.63811 2.75597 2.8403 2.86165 2.81255 2.71017 2.59026 
2.66 2.49924 2.39463 2.38273 2.46769 2.61982 2.78599 2.90815 2.94362 2.88002 2.73955 2.5713 2.43403 2.3757 2.41668 2.54266 2.70963 2.85926 2.93929 2.92175 2.81277 2.65043 2.49143 2.39132 2.38506 2.47485 2.62932 2.79451 2.9127 2.94262 2.87382 2.73032 2.56225 
2.66 2.50933 2.4113 2.40015 2.47976 2.62234 2.77808 2.89257 2.92581 2.8662 2.73456 2.57687 2.44822 2.39356 2.43196 2.55003 2.70652 2.84675 2.92175 2.90531 2.80318 2.65103 2.50202 2.40819 2.40233 2.48648 2.63125 2.78606 2.89683 2.92487 2.86039 2.7259 2.56839 
2.66 2.57206 2.51485 2.50833 2.5548 2.63802 2.72892 2.79574 2.81514 2.78035 2.70352 2.61148 2.53639 2.50449 2.52691 2.59582 2.68715 2.769 2.81277 2.80318 2.74357 2.65476 2.56779 2.51303 2.50961 2.55872 2.64322 2.73357 2.79823 2.8146 2.77696 2.69846 2.60653 
2.66 2.66551 2.6691 2.6695 2.66659 2.66138 2.65568 2.65149 2.65028 2.65246 2.65727 2.66304 2.66775 2.66974 2.66834 2.66402 2.6583 2.65317 2.65043 2.65103 2.65476 2.66033 2.66578 2.66921 2.66942 2.66635 2.66105 2.65539 2.65134 2.65031 2.65267 2.65759 2.66335 
2.66 2.75703 2.82017 2.82735 2.77608 2.68425 2.58395 2.51022 2.48881 2.5272 2.61198 2.71354 2.79639 2.8316 2.80686 2.73082 2.63004 2.53973 2.49143 2.50202 2.56779 2.66578 2.76175 2.82217 2.82595 2.77175 2.67852 2.57882 2.50747 2.48941 2.53094 2.61756 2.719 
2.66 2.81466 2.91529 2.92674 2.84501 2.69865 2.53879 2.42127 2.38715 2.44834 2.58347 2.74533 2.87739 2.93351 2.89408 2.77288 2.61225 2.4683 2.39132 2.40819 2.51303 2.66921 2.82217 2.91848 2.9245 2.83812 2.68951 2.5306 2.41689 2.38811 2.4543 2.59235 2.75404 
2.66 2.81826 2.92123 2.93295 2.84932 2.69955 2.53597 2.41571 2.38079 2.44341 2.58169 2.74732 2.88245 2.93987 2.89953 2.77551 2.61114 2.46384 2.38506 2.40233 2.50961 2.66942 2.82595 2.9245 2.93065 2.84226 2.6902 2.52759 2.41123 2.38178 2.44951 2.59078 2.75622 
2.66 2.76657 2.83592 2.84381 2.78749 2.68664 2.57648 2.49549 2.47198 2.51414 2.60726 2.7188 2.8098 2.84847 2.8213 2.73779 2.6271 2.5279 2.47485 2.48648 2.55872 2.66635 2.77175 2.83812 2.84226 2.78274 2.68034 2.57083 2.49248 2.47264 2.51826 2.61339 2.7248 
2.66 2.67766 2.68915 2.69046 2.68113 2.66441 2.64616 2.63274 2.62884 2.63583 2.65126 2.66974 2.68482 2.69123 2.68673 2.67289 2.65455 2.63811 2.62932 2.63125 2.64322 2.66105 2.67852 2.68951 2.6902 2.68034 2.66337 2.64522 2.63224 2.62895 2.63651 2.65228 2.67074 
2.66 2.58258 2.5322 2.52647 2.56738 2.64065 2.72068 2.77951 2.79659 2.76596 2.69831 2.61728 2.55117 2.52308 2.54282 2.60349 2.6839 2.75597 2.79451 2.78606 2.73357 2.65539 2.57882 2.5306 2.52759 2.57083 2.64522 2.72478 2.7817 2.79611 2.76297 2.69386 2.61292 
